gene_id	sample1	sample2	sample3	sample4	sample5	sample6	sample7	sample8	sample9
ENSG00000000003	0	0	52	134	379	0	471	0	2.91
ENSG00000000005	0	0	0	0	0	0	0	0	0
ENSG00000000419	27	17	23	20	7	0	2	0	11
ENSG00000000457	61	31	63.55	125	0	0	0	0	12
ENSG00000000460	3	92	128.03	51.15	253.58	0	0	2765.98	0.99
ENSG00000000938	3738	2	2426	1	0	0	105	4	0
ENSG00000000971	50	2341	16	378	0	0	0	336	0
ENSG00000001036	379.97	12	297	363.77	0	65	337	0	0
ENSG00000001084	480.04	3	118.68	166.23	7	113	104	53.58	170.4
ENSG00000001167	199	0	77	331	144	0	4	0	3138
ENSG00000001460	22	1	15.4	86.37	0	0	3.21	0	0
ENSG00000001461	17	239	28	176	0	1	102	11	40
ENSG00000001497	1019	0	9	54	0	0	51	58	348
ENSG00000001561	136	0	1	1	0	0	13	0	1
ENSG00000001617	9	0	0	21	0	0	42	18	59
ENSG00000001626	0	0	1	45	0	22	1261	0	3716
ENSG00000001629	103	960	26	158	12	0	4	0	0
ENSG00000001630	446.77	7943	105.23	96.24	0	2.99	1240	131	1151
ENSG00000001631	64	87	462	220	383	0	3	2	194
ENSG00000002016	4	462	20	199	0	0	11	0	0
ENSG00000002079	0	0	0	0	0	0	0	0	0
ENSG00000002330	19	0	0	43	0	0	28	21	23
ENSG00000002549	1186	52	394	75	70	0	10	1	1
ENSG00000002586	294	3419	215	322	0	0	2074	0	0
ENSG00000002587	46	0	42.08	3	0	0	73	0	4
ENSG00000002726	0	0	30	106	0	1	490	0	2062
ENSG00000002745	0	0	0	0	0	0	0	0	0
ENSG00000002746	0	0	1.54	149.97	1	0	0	0	0
ENSG00000002822	64	0	51	38	0	0	2	0	0
ENSG00000002834	2054.08	4155.06	2429.45	1332.32	4440.96	219	1448.8	319	508.35
ENSG00000002919	106.07	5	146.89	1.74	35.1	0	10.94	0	322
ENSG00000002933	465	412	1546	1405	12	0	573	1	2
ENSG00000003056	1719	99	1663	295	0	0	593.77	2	718
ENSG00000003096	1	236	0	23	0	0	43	0	0
ENSG00000003137	3	0	110	0	0	1	0	0	0
ENSG00000003147	75	0	60	122	0	344	232	0	0
ENSG00000003249	0	0	0	0	0	0	0	0	0
ENSG00000003393	107	1	4	40	171	0	0	0	3
ENSG00000003400	412.01	49	935.61	104.04	0	0	1007.55	2	0
ENSG00000003402	3142.81	369.22	1710.5	1806.26	3053.44	958.69	1307.75	1042.81	986.53
ENSG00000003436	39	300	9	391.57	15.13	26.35	2	4	15.04
ENSG00000003509	2	0	79.72	8.84	1.39	0	16	0	35
ENSG00000003756	702.39	3323	1209.94	1012.42	5022.9	5303	795	142	4
ENSG00000003987	0	0	0	0	0	0	0	0	0
ENSG00000003989	1	39	0	38	0	1	0	0	0
ENSG00000004059	57	0	69	60	2.4	1	5	0	1
ENSG00000004139	111.39	0	2.18	50	0	0	0	0	0
ENSG00000004142	458	1	111	73	0	4	55	0	0
ENSG00000004399	1803	321	893	715	0	4	36	4494	1219
ENSG00000004455	2140.01	5	762	934	0	0	109	964.38	1958
ENSG00000004468	242	0.75	197	0	53	0	0	2	0
ENSG00000004478	1087	111.62	5050	1435	1937	1	1437	7	605
ENSG00000004487	480	1	150	109	0	0	22	0	87
ENSG00000004534	1255.81	21	391.64	1387.95	4	2	45	484	2082.52
ENSG00000004660	42.29	0	254.39	48.19	48.37	0	1.15	1	13.12
ENSG00000004700	121	0	221	10	0	0	0	0	7.91
ENSG00000004766	73	1	28	2	1.9	0	289	0	0
ENSG00000004776	6.67	1623.99	0	124	0	0	0	0	0
ENSG00000004777	2	0	0	2	0	0	0	0	0
ENSG00000004779	59	0	0	21	0	16	14	0	9
ENSG00000004799	1355	1423	193	326	0	10096	67	258	0
ENSG00000004809	0	0	0	0	0	0	0	0	0
ENSG00000004838	0	0	0	0	0	0	1	1.47	0
ENSG00000004846	6	0	1.67	11.68	2.93	0	0	21.14	6.84
ENSG00000004848	0	0	0	0	0	0	0	0	0
ENSG00000004864	59	2	73	24	0	0	27	0	3543
ENSG00000004866	145	0	15	49	1	0	22	1001	97
ENSG00000004897	303	1389	59	136	0	1	76	198	297
ENSG00000004939	0	0	4	2.51	0	0	0	0	2
ENSG00000004948	14	0	0	0	0	0	0	0	0
ENSG00000004961	132	0	42	4	0	7	486	0	216
ENSG00000004975	231	684	991	259	0	0	71	1	0
ENSG00000005001	0	0	0	4	0	0	0	0	0
ENSG00000005007	351	8	84	109	0	0	22	0	0
ENSG00000005020	576	81	444	294	4952	0	873	7	540
ENSG00000005022	1042	45	259	212	0	109	2627	0	2626
ENSG00000005059	135	24	42	41	41	0	1	0	0
ENSG00000005073	0	0	0	107.25	0	0	0	159.25	1
ENSG00000005075	184.98	0	313.02	25.54	0	1	665.93	0	0
ENSG00000005100	87	2	26.03	70	0	0	47	0	99
ENSG00000005102	1	1	0	0	0	0	16	0	0
ENSG00000005108	0	0	0	0	0	0	0	0	0
ENSG00000005156	81.55	0	81.68	57.89	0	1	0	523.36	0
ENSG00000005175	8	460	33	67	0	0	7	1	0
ENSG00000005187	221	0	283.7	5	0	0	0	0	0
ENSG00000005189	49	0	0	2	0	0	0	0	0
ENSG00000005194	138	0	4	11	0	0	0	0	0
ENSG00000005206	31	0	22	128	75	0	59	0	2
ENSG00000005238	132	0	172	197	42	0	0	0	0
ENSG00000005243	13	1021	0	522	0	0	2	0	0
ENSG00000005249	114	54	61	163	0	0	0	0	0
ENSG00000005302	493	0	361	87	0	4994	30	0	2
ENSG00000005339	2797.8	1125	813.08	712.4	0	7.49	503	286	3933
ENSG00000005379	479	0	230	18	0	0	0	0	1
ENSG00000005381	14	0	19	0	0	0	0	0	0
ENSG00000005421	0	0	0	0	0	0	0	0	0
ENSG00000005436	1	0	1	29	0	0	0	0	1
ENSG00000005448	3	0	4	13	4.9	0	53.78	0	0
ENSG00000005469	63	1	10	16	0	0	0	0	0
ENSG00000005471	1	0	3	3	0	0	0	0	0
ENSG00000005483	2585	2865	1174	520	1764	2	967	1702	2902
ENSG00000005486	1574	1	493	442	0	0	8	0	2
ENSG00000005513	0	0	0	1	0	0	0	0	0
ENSG00000005700	112	624	305	84	464	0	54	278	171
ENSG00000005801	298	0	38	24	97	0	104	0	1
ENSG00000005810	2868.31	6003	1388.33	1215.45	2415	1	104	1	850
ENSG00000005812	145.99	19	125.97	157	0	686.92	208	0	514.89
ENSG00000005844	2990	1	1610	1.79	7387	0	16	0	8630
ENSG00000005882	355	1	2	157	0	1	201	72	0
ENSG00000005884	311.64	0	39.58	60.56	23.62	195.28	1296.39	7.48	1
ENSG00000005889	430	94	453	245	66	2	0	0	0
ENSG00000005893	1116.64	1143	515.45	372	2.55	1	107.05	1	1
ENSG00000005961	0	0	0	0	0	0	0	0	0
ENSG00000005981	0	0	0	0	0	0	0	0	0
ENSG00000006007	662.21	54.26	159.69	339	161	1071	205.72	2	198.02
ENSG00000006015	96.1	68.32	278.73	91.27	2	0	81.17	11.08	47.18
ENSG00000006016	0	0	0	0	0	0	0	0	0
ENSG00000006025	13	1	0	112	0	1	0	271	0
ENSG00000006042	9.53	220	5.6	337.97	0.71	0	267.78	0	1.69
ENSG00000006047	0	0	0	6	0	0	0	0	0
ENSG00000006059	0	0	0	0	0	0	0	0	0
ENSG00000006062	86.18	1.11	61.81	75.77	64	0	502	0	0
ENSG00000006071	0	0	0	0	0	0	0	0	0
ENSG00000006116	0	0	0	0	0	0	0	0	0
ENSG00000006118	0	0	80	203	0	0	0	4	5
ENSG00000006125	1490	6094	496	706	0	4	1652	1	79
ENSG00000006128	0	0	0	0	0	0	0	0	0
ENSG00000006194	181	418	34	74	0	0	490	0	1491
ENSG00000006210	6	0	0	214.02	0	1	3	0	0
ENSG00000006282	442	0	122	637	0	0	69	0	516
ENSG00000006283	0	0	11	34	0	0	0	0	0
ENSG00000006327	3	3	38	37	0	0	0	0	26
ENSG00000006377	0	0	0	0	0	0	0	0	0
ENSG00000006432	0	0	5.54	73.79	0	0	1	2.39	50
ENSG00000006451	150	0	31	89	297.79	1793	464	1	300
ENSG00000006453	4.37	0	111	125.09	0	1454	87	0	11
ENSG00000006459	521	40	361	390	4	1	1651	0	340
ENSG00000006468	0	1	0	261	0	2	1	0	0
ENSG00000006530	236	0	74	139	0	0	82	0	0
ENSG00000006534	960.06	1	301.94	23.39	26.13	0	13.25	0	7.01
ENSG00000006555	0	0	1	17	0	0	76	23	0
ENSG00000006576	72	498	37	30	70	5	289	0	540
ENSG00000006606	0	0	0	24	0	0	0	0	0
ENSG00000006607	429.68	1099	558.6	146.28	610	566	414.08	3	1192.5
ENSG00000006611	0	0	18	582	0	0	567	0	6126
ENSG00000006625	37.41	0	17	351.65	0	0	0	0	2
ENSG00000006634	82	3	5	6	277	0	1	0	0
ENSG00000006638	27.86	3.97	67.66	61.93	191.31	0.96	28.13	38.87	6.87
ENSG00000006652	237	0	393	218	15	1132	201	0	26
ENSG00000006659	0	0	0	0	0	0	0	0	0
ENSG00000006695	16	0	7	50	0	0	120	0	0
ENSG00000006704	29.02	0	17	560.01	0	0	49	0	110
ENSG00000006712	719	325	72	714	0	0	109	0	175
ENSG00000006715	256	3	69	68.52	0	3	7	2029	0
ENSG00000006740	0	0	0	218	0	1	10	0	50
ENSG00000006744	443	0	15.96	92.91	101	1	1	1360	0
ENSG00000006747	137.59	0.82	67.36	66.53	3.8	1741	578.7	0	182.56
ENSG00000006756	60.93	0	175.41	89.03	3	0	8.82	0	0
ENSG00000006757	3	1	0	17	0	0	194	0	0
ENSG00000006788	0	0	0	1	0	0	0	0	0
ENSG00000006831	283	6	95	273	0	0	233	0	5
ENSG00000006837	1.67	9	4	9	15.49	0	0	0	0
ENSG00000007001	0	0	0	0	0	0	0	0	0
ENSG00000007038	0	0	0	0	0	0	0	0	0
ENSG00000007047	59	10	29	6	0	0	149	0	0
ENSG00000007062	17	1	3	252	241	1815	30	0	0
ENSG00000007080	8	0	0	98	0	0	0	0	136
ENSG00000007129	14	0	0	0	0	0	0	0	0
ENSG00000007168	983	1843	306	158	895	6	275	4	891
ENSG00000007171	0	0	1	0	0	0	114	0	217
ENSG00000007174	0	0	0	3	0	0	0	0	0
ENSG00000007202	1243	26	3119	1002	913.32	0	599	2	318
ENSG00000007216	0	0	0	0	0	0	97	0	0
ENSG00000007237	2100.04	8006	641	992.25	0	0	66	0	0
ENSG00000007255	68	0	38	20	0	0	72	0	5
ENSG00000007264	13	0	0	0	0	0	22	0	0
ENSG00000007306	0	0	0	0	0	39821	0	15	0
ENSG00000007312	0	0	1	0	0	0	0	0	1
ENSG00000007314	0	0	0	0	0	0	0	0	0
ENSG00000007341	21	845.13	77	48	484	0	3	0	0
ENSG00000007350	30	0	9	0	0	0	0	0	0
ENSG00000007372	1	0	0	0	0	0	0	0	0
ENSG00000007376	201	0	13	39	0	0	0	0	0
ENSG00000007384	0	93	7	363	1	0	86	0	0
ENSG00000007392	244	1	387	406	1	3819	592	1	2170
ENSG00000007402	0	0	1	0	0	0	76	0	18
ENSG00000007516	7.79	0	1.23	1.18	0	0	0	0	0
ENSG00000007520	448.21	1	91.77	194.82	0	0	34	0	36
ENSG00000007541	138	7	58.13	407	0	0	0	0	0
ENSG00000007545	112.67	0	63.81	91.09	0	0	137.57	0	1.36
ENSG00000007866	0	0	0	859	0	0	2	6	0
ENSG00000007908	0	0	1	5	0	0	590	260	0
ENSG00000007923	219	0	267.05	109	4	1	583	566	0
ENSG00000007933	16	2	1	117.89	0	0	0	2	1.47
ENSG00000007944	301	289	538	137	5	0	41	3	0
ENSG00000007952	0	0	90	3	0	0	723	0	0
ENSG00000007968	2.07	0	0.95	2.99	0	0	0	0	0
ENSG00000008018	88	8	152	52	41	0	1019	0	11
ENSG00000008056	84	9	0	0	0	0	0	0	0
ENSG00000008083	1591	1	305	268	4056	0	630	419	14
ENSG00000008086	263.85	49.88	55.29	119.42	68.97	0	7.79	2.31	10.28
ENSG00000008118	37	0	0	0	0	0	0	0	0
ENSG00000008128	253.02	1	175.61	119.54	311.53	9	61.92	67.55	397
ENSG00000008130	438	576	643	260	1	2713	245	63	12
ENSG00000008196	0	0	0	0	0	0	0	0	0
ENSG00000008197	0	0	0	0	0	0	0	0	0
ENSG00000008226	30	0	0	0	0	0	0	0	0
ENSG00000008256	38	59	1	324	0	0	357	0	0
ENSG00000008277	0	0	152	1	0	0	0	1	0
ENSG00000008282	166	67	387	143	2	1	201	0	1
ENSG00000008283	33	0	150.86	757.63	0	1	0	0	213
ENSG00000008294	512.65	156.22	510	423	0	12	238	1	840.42
ENSG00000008300	1	0	57	0	8412	0	684	0	3
ENSG00000008311	16.32	58.77	29.32	153.79	81.64	0	153.02	41.18	0
ENSG00000008323	43	0	13	0	0	0	139	0	1
ENSG00000008324	19	0	27	3	0	0	1	0	1
ENSG00000008382	54.64	0	2	0	0	0	260	0	0
ENSG00000008394	31	752	7.48	136.02	0	332	182	9.58	59
ENSG00000008405	48	15	8	21	22	0	91	0	318
ENSG00000008438	0	0	7	0	0	0	0	0	0
ENSG00000008441	37	1415	3	371	0	1	83	0	1343
ENSG00000008513	2136	1	840	487	2	3	1	3067	19
ENSG00000008516	44	0	53	0	0	0	0	0	0
ENSG00000008517	0	0	586	513	1128	0	1102	0	4041
ENSG00000008710	46.04	1456.39	343.66	941.39	36.14	0	0	327.29	454.01
ENSG00000008735	0	0	0	1.04	29.08	0	2.58	0	0
ENSG00000008838	126	1	126	34	0	2.78	0	1	0
ENSG00000008853	115.77	0	29	53	0	0	0	0	0
ENSG00000008869	878	49	227	312	0	0	956	0	10
ENSG00000008952	1689	596.41	444	249	1970	2	602	3085	536
ENSG00000008988	2531.16	1027.41	969.8	806.53	1298.46	3260.08	944.48	9.99	5077.34
ENSG00000009307	4954	3525	1780	1799	399	280	2353	504	5964
ENSG00000009335	350	6629.81	179.97	493	1.01	0	411.69	0	1
ENSG00000009413	778.64	178.1	140.65	408.1	27.29	18.82	58.17	121	349.19
ENSG00000009694	0	0	11	1	2	0	183	0	0
ENSG00000009709	0	0	0	0	0	0	0	0	0
ENSG00000009724	48	0	0	0	0	0	0	0	0
ENSG00000009765	1.02	0	187.67	5.32	3.19	0	368	0	2.08
ENSG00000009780	68	0	45	6	0	0	12	102	1
ENSG00000009790	209	1	98.08	0	454	0	158	0	9
ENSG00000009830	14	0	1	209	0	0	0	0	0
ENSG00000009844	248.9	125	20.66	101.89	52.46	70	90	0	0
ENSG00000009950	28.01	312.03	32.6	12.15	7.07	0	43.26	2.18	32.97
ENSG00000009954	604	373	1119	713	5280	7	1113	1169	181
ENSG00000010017	364.87	34	179	36	0	39	1206.91	0	36
ENSG00000010030	0	9	0	7	9	0	0	0	0
ENSG00000010072	11	9	104	38	0	0	0	0	0
ENSG00000010165	145	0	105	97	0	0	448	0	1
ENSG00000010219	25	0	645	128	5	0	1528	1	0
ENSG00000010244	1815.01	493	673.12	842.44	3595	91.22	453	641.77	1871.81
ENSG00000010256	691	3	154	103	0	237	910	0	5
ENSG00000010270	57	2	49	26	0	1	26	0	0
ENSG00000010278	598	265	151	39	0	1344	1212	14	2.00E+03
ENSG00000010282	0	0	0	0	0	0	0	0	0
ENSG00000010292	266	0	224.16	275	0	0	946	1.81	0
ENSG00000010295	237	1	641	253	0	1	0	1455	231
ENSG00000010310	5.51	3371.52	16.58	20.62	0	1	20	0	0
ENSG00000010318	0	0	3	0	0	0	0	0	0
ENSG00000010319	2	0	0	47	0	1	0	0	0
ENSG00000010322	229	1957	409	1263	0	4	250	114	0
ENSG00000010327	2105	1	6768	2	185	1	100	39	0
ENSG00000010361	23	0	0	1	0	0	0	0	0
ENSG00000010379	0	0	0	0	0	0	0	0	0
ENSG00000010404	2598.9	111.9	707.09	907.74	4615.67	4	181.63	91	347.45
ENSG00000010438	0	0	0	46	0	39.96	988	0	0
ENSG00000010539	25.96	0	11	114.65	0.78	0	3	0	0
ENSG00000010610	6543	2	3817	75	697	0	1939	2	2598
ENSG00000010626	49	0	0	1	0	0	0	329	24.32
ENSG00000010671	483	0	334	0	0	0	0	0	14
ENSG00000010704	217.73	1.01	57.51	20.63	2.93	456.22	5.42	60.08	108.4
ENSG00000010803	143	0	272	1584	0	0	79	8	0
ENSG00000010810	660	330	33	295	402	0	35	14	152
ENSG00000010818	490	763	641	670	385	1271	33	0	2970
ENSG00000010932	1	233	0	41	0	0	0	0	0
ENSG00000011007	81.36	0	55	203.81	0	0	185	294	0
ENSG00000011009	357	0	7	142	0	0	74	0	0
ENSG00000011021	492.63	34	72.83	68	4	0	0.73	0	0
ENSG00000011028	89	2850	61	649	0	0	66	743	0
ENSG00000011052	0	0	0	0	0	0	0	0	0
ENSG00000011083	8	0	0	0	0	0	0	0	0
ENSG00000011105	0	0	2	740	0	0	48	0	0
ENSG00000011114	402	4	237.58	228	740.9	1	1.85	327.35	5.65
ENSG00000011132	4	0	0	149.03	0	0	1	0	0
ENSG00000011143	7	883	10	6	0	0	8	0	0
ENSG00000011198	409	748	75	35	0	0	246	0	483
ENSG00000011201	118	632	113	22	0	0	0	0	0
ENSG00000011243	393	223	494	556.99	817	0	1525	0	0
ENSG00000011258	97	1	92	36	0	0	0	1	5
ENSG00000011260	10	0	26	30	0	0	35	0	2
ENSG00000011275	224	0	341	340.24	126	0	185.13	109	156.87
ENSG00000011295	439	1164	129.63	102.9	0	5566	9.02	5	5163
ENSG00000011304	1491	120	1086	482	8416	903	2657	135	212
ENSG00000011332	0	0	0	0	0	0	0	0	0
ENSG00000011347	0	0	5	76	0	0	0	0	0
ENSG00000011376	69	447	2	19	0	0	288	0	0
ENSG00000011405	287	3.02	111.1	536.24	3556	13287	225	102.31	0
ENSG00000011422	22788	1365	9755	450	467	3002	2140	48	0
ENSG00000011426	108	0	39	36	0	0	29	0	45